# 3200
-6.000000 6.000000
0.058824
0.048544
0.038867
0.029773
0.021240
0.013250
0.005783
-0.001181
-0.007659
-0.013669
-0.019229
-0.024356
-0.029066
-0.033376
-0.037302
-0.040859
-0.044061
-0.046924
-0.049462
-0.051688
-0.053616
-0.055259
-0.056630
-0.057742
-0.058606
-0.059234
-0.059637
-0.059827
-0.059815
-0.059610
-0.059223
-0.058664
-0.057943
-0.057068
-0.056049
-0.054894
-0.053613
-0.052212
-0.050701
-0.049086
-0.047376
-0.045577
-0.043696
-0.041741
-0.039718
-0.037632
-0.035490
-0.033299
-0.031063
-0.028788
-0.026479
-0.024142
-0.021782
-0.019402
-0.017008
-0.014603
-0.012193
-0.009781
-0.007371
-0.004966
-0.002571
-0.000188
0.002180
0.004528
0.006855
0.009157
0.011433
0.013678
0.015891
0.018070
0.020212
0.022316
0.024379
0.026400
0.028377
0.030308
0.032192
0.034027
0.035812
0.037547
0.039229
0.040859
0.042434
0.043954
0.045418
0.046826
0.048177
0.049471
0.050707
0.051884
0.053002
0.054062
0.055062
0.056003
0.056885
0.057707
0.058470
0.059174
0.059818
0.060404
0.060931
0.061400
0.061811
0.062164
0.062460
0.062699
0.062882
0.063009
0.063081
0.063099
0.063063
0.062973
0.062831
0.062637
0.062392
0.062097
0.061752
0.061358
0.060917
0.060429
0.059894
0.059315
0.058691
0.058023
0.057314
0.056563
0.055771
0.054940
0.054071
0.053164
0.052220
0.051241
0.050228
0.049181
0.048102
0.046992
0.045851
0.044682
0.043484
0.042258
0.041007
0.039731
0.038431
0.037108
0.035763
0.034398
0.033013
0.031609
0.030187
0.028749
0.027295
0.025826
0.024344
0.022850
0.021344
0.019827
0.018301
0.016766
0.015224
0.013675
0.012121
0.010561
0.008998
0.007432
0.005864
0.004295
0.002726
0.001158
-0.000409
-0.001974
-0.003535
-0.005092
-0.006644
-0.008190
-0.009730
-0.011262
-0.012787
-0.014302
-0.015808
-0.017303
-0.018788
-0.020261
-0.021721
-0.023169
-0.024602
-0.026021
-0.027425
-0.028814
-0.030186
-0.031542
-0.032880
-0.034200
-0.035501
-0.036784
-0.038047
-0.039290
-0.040513
-0.041714
-0.042894
-0.044053
-0.045188
-0.046302
-0.047392
-0.048459
-0.049501
-0.050520
-0.051514
-0.052483
-0.053427
-0.054346
-0.055239
-0.056105
-0.056946
-0.057760
-0.058547
-0.059308
-0.060041
-0.060747
-0.061425
-0.062076
-0.062698
-0.063293
-0.063860
-0.064399
-0.064909
-0.065392
-0.065845
-0.066270
-0.066667
-0.067035
-0.067375
-0.067686
-0.067968
-0.068222
-0.068447
-0.068644
-0.068812
-0.068952
-0.069064
-0.069147
-0.069202
-0.069230
-0.069229
-0.069200
-0.069143
-0.069059
-0.068948
-0.068809
-0.068643
-0.068451
-0.068231
-0.067985
-0.067713
-0.067414
-0.067089
-0.066739
-0.066363
-0.065962
-0.065536
-0.065086
-0.064610
-0.064111
-0.063588
-0.063041
-0.062470
-0.061877
-0.061260
-0.060622
-0.059961
-0.059278
-0.058574
-0.057848
-0.057102
-0.056335
-0.055548
-0.054741
-0.053915
-0.053069
-0.052205
-0.051322
-0.050421
-0.049503
-0.048567
-0.047615
-0.046646
-0.045660
-0.044659
-0.043643
-0.042611
-0.041565
-0.040505
-0.039431
-0.038344
-0.037243
-0.036130
-0.035005
-0.033868
-0.032720
-0.031561
-0.030391
-0.029211
-0.028021
-0.026822
-0.025614
-0.024398
-0.023173
-0.021941
-0.020702
-0.019456
-0.018203
-0.016945
-0.015681
-0.014411
-0.013137
-0.011859
-0.010576
-0.009290
-0.008001
-0.006710
-0.005416
-0.004120
-0.002822
-0.001523
-0.000224
0.001076
0.002375
0.003674
0.004973
0.006270
0.007565
0.008858
0.010149
0.011437
0.012723
0.014004
0.015282
0.016555
0.017824
0.019088
0.020346
0.021599
0.022846
0.024086
0.025320
0.026547
0.027766
0.028977
0.030181
0.031376
0.032562
0.033740
0.034908
0.036066
0.037214
0.038353
0.039480
0.040597
0.041703
0.042797
0.043879
0.044950
0.046008
0.047054
0.048087
0.049107
0.050114
0.051107
0.052087
0.053052
0.054004
0.054940
0.055863
0.056770
0.057662
0.058539
0.059400
0.060245
0.061075
0.061888
0.062685
0.063466
0.064230
0.064977
0.065707
0.066420
0.067115
0.067793
0.068454
0.069097
0.069721
0.070328
0.070917
0.071487
0.072039
0.072573
0.073087
0.073584
0.074061
0.074519
0.074959
0.075379
0.075781
0.076163
0.076525
0.076869
0.077193
0.077498
0.077783
0.078048
0.078294
0.078521
0.078728
0.078915
0.079082
0.079230
0.079358
0.079466
0.079555
0.079624
0.079673
0.079703
0.079713
0.079703
0.079674
0.079625
0.079557
0.079469
0.079362
0.079236
0.079090
0.078925
0.078740
0.078537
0.078314
0.078072
0.077812
0.077532
0.077234
0.076918
0.076582
0.076228
0.075856
0.075466
0.075057
0.074631
0.074186
0.073724
0.073244
0.072747
0.072232
0.071700
0.071151
0.070584
0.070001
0.069402
0.068785
0.068153
0.067504
0.066839
0.066158
0.065462
0.064750
0.064022
0.063279
0.062522
0.061749
0.060962
0.060160
0.059344
0.058514
0.057670
0.056812
0.055941
0.055057
0.054159
0.053249
0.052326
0.051390
0.050442
0.049482
0.048510
0.047527
0.046532
0.045526
0.044510
0.043482
0.042444
0.041396
0.040337
0.039269
0.038192
0.037105
0.036008
0.034903
0.033790
0.032668
0.031538
0.030400
0.029254
0.028101
0.026941
0.025774
0.024600
0.023420
0.022233
0.021041
0.019843
0.018640
0.017431
0.016218
0.015000
0.013777
0.012550
0.011320
0.010085
0.008847
0.007607
0.006363
0.005116
0.003868
0.002617
0.001364
0.000109
-0.001147
-0.002404
-0.003662
-0.004920
-0.006179
-0.007438
-0.008697
-0.009955
-0.011213
-0.012470
-0.013726
-0.014981
-0.016234
-0.017485
-0.018734
-0.019980
-0.021224
-0.022465
-0.023704
-0.024938
-0.026169
-0.027397
-0.028620
-0.029839
-0.031054
-0.032264
-0.033469
-0.034668
-0.035862
-0.037051
-0.038234
-0.039410
-0.040581
-0.041744
-0.042901
-0.044051
-0.045194
-0.046329
-0.047457
-0.048576
-0.049688
-0.050791
-0.051886
-0.052973
-0.054050
-0.055118
-0.056177
-0.057227
-0.058266
-0.059296
-0.060316
-0.061326
-0.062325
-0.063313
-0.064291
-0.065258
-0.066213
-0.067158
-0.068090
-0.069011
-0.069920
-0.070817
-0.071702
-0.072575
-0.073435
-0.074282
-0.075117
-0.075939
-0.076747
-0.077542
-0.078324
-0.079092
-0.079847
-0.080588
-0.081314
-0.082027
-0.082725
-0.083410
-0.084079
-0.084734
-0.085374
-0.086000
-0.086610
-0.087206
-0.087786
-0.088351
-0.088901
-0.089435
-0.089953
-0.090456
-0.090943
-0.091415
-0.091870
-0.092310
-0.092733
-0.093140
-0.093531
-0.093905
-0.094264
-0.094605
-0.094930
-0.095239
-0.095531
-0.095806
-0.096065
-0.096307
-0.096532
-0.096740
-0.096931
-0.097105
-0.097263
-0.097403
-0.097526
-0.097632
-0.097721
-0.097793
-0.097848
-0.097885
-0.097906
-0.097909
-0.097895
-0.097864
-0.097816
-0.097750
-0.097668
-0.097568
-0.097451
-0.097317
-0.097165
-0.096997
-0.096812
-0.096609
-0.096390
-0.096153
-0.095900
-0.095629
-0.095342
-0.095038
-0.094717
-0.094379
-0.094024
-0.093653
-0.093265
-0.092861
-0.092440
-0.092003
-0.091549
-0.091079
-0.090593
-0.090090
-0.089572
-0.089037
-0.088487
-0.087921
-0.087338
-0.086741
-0.086127
-0.085498
-0.084854
-0.084195
-0.083520
-0.082830
-0.082125
-0.081405
-0.080670
-0.079921
-0.079157
-0.078379
-0.077586
-0.076779
-0.075958
-0.075123
-0.074274
-0.073411
-0.072535
-0.071645
-0.070742
-0.069826
-0.068897
-0.067955
-0.066999
-0.066032
-0.065052
-0.064059
-0.063054
-0.062037
-0.061009
-0.059968
-0.058916
-0.057853
-0.056778
-0.055692
-0.054595
-0.053488
-0.052369
-0.051241
-0.050102
-0.048953
-0.047794
-0.046625
-0.045446
-0.044258
-0.043061
-0.041855
-0.040640
-0.039416
-0.038184
-0.036943
-0.035694
-0.034437
-0.033173
-0.031901
-0.030621
-0.029334
-0.028040
-0.026740
-0.025432
-0.024118
-0.022798
-0.021472
-0.020140
-0.018803
-0.017459
-0.016111
-0.014758
-0.013399
-0.012036
-0.010669
-0.009297
-0.007921
-0.006542
-0.005158
-0.003772
-0.002382
-0.000989
0.000407
0.001806
0.003206
0.004609
0.006015
0.007421
0.008830
0.010240
0.011651
0.013062
0.014475
0.015888
0.017302
0.018715
0.020129
0.021542
0.022955
0.024367
0.025778
0.027188
0.028597
0.030004
0.031409
0.032812
0.034213
0.035612
0.037008
0.038401
0.039792
0.041179
0.042562
0.043942
0.045318
0.046690
0.048058
0.049422
0.050780
0.052134
0.053483
0.054827
0.056165
0.057497
0.058824
0.060144
0.061458
0.062766
0.064067
0.065361
0.066648
0.067928
0.069201
0.070466
0.071723
0.072972
0.074213
0.075445
0.076669
0.077884
0.079090
0.080287
0.081475
0.082653
0.083822
0.084981
0.086129
0.087268
0.088396
0.089514
0.090620
0.091716
0.092801
0.093875
0.094937
0.095988
0.097027
0.098054
0.099069
0.100071
0.101062
0.102040
0.103005
0.103957
0.104896
0.105823
0.106736
0.107635
0.108521
0.109393
0.110251
0.111096
0.111926
0.112742
0.113543
0.114330
0.115102
0.115859
0.116602
0.117329
0.118042
0.118738
0.119420
0.120086
0.120736
0.121370
0.121989
0.122592
0.123178
0.123748
0.124302
0.124840
0.125361
0.125865
0.126353
0.126824
0.127277
0.127714
0.128134
0.128537
0.128922
0.129291
0.129641
0.129974
0.130290
0.130588
0.130868
0.131131
0.131376
0.131602
0.131811
0.132002
0.132175
0.132329
0.132466
0.132584
0.132684
0.132765
0.132828
0.132873
0.132899
0.132907
0.132896
0.132867
0.132819
0.132752
0.132667
0.132563
0.132441
0.132299
0.132139
0.131961
0.131763
0.131547
0.131312
0.131058
0.130785
0.130494
0.130184
0.129855
0.129507
0.129141
0.128756
0.128352
0.127929
0.127488
0.127028
0.126549
0.126052
0.125536
0.125002
0.124449
0.123877
0.123287
0.122679
0.122052
0.121407
0.120744
0.120062
0.119362
0.118644
0.117908
0.117154
0.116382
0.115592
0.114784
0.113959
0.113116
0.112255
0.111376
0.110480
0.109567
0.108636
0.107688
0.106723
0.105741
0.104742
0.103725
0.102693
0.101643
0.100577
0.099494
0.098395
0.097279
0.096148
0.095000
0.093836
0.092656
0.091461
0.090250
0.089023
0.087781
0.086524
0.085252
0.083964
0.082662
0.081345
0.080013
0.078666
0.077306
0.075931
0.074541
0.073138
0.071721
0.070291
0.068847
0.067389
0.065919
0.064435
0.062938
0.061429
0.059906
0.058372
0.056825
0.055266
0.053695
0.052112
0.050518
0.048912
0.047295
0.045666
0.044027
0.042377
0.040717
0.039045
0.037364
0.035673
0.033972
0.032261
0.030540
0.028811
0.027072
0.025324
0.023567
0.021802
0.020029
0.018247
0.016457
0.014660
0.012855
0.011042
0.009223
0.007396
0.005563
0.003723
0.001877
0.000025
-0.001834
-0.003698
-0.005567
-0.007442
-0.009322
-0.011207
-0.013096
-0.014990
-0.016888
-0.018791
-0.020697
-0.022606
-0.024519
-0.026435
-0.028354
-0.030276
-0.032200
-0.034127
-0.036055
-0.037986
-0.039917
-0.041851
-0.043785
-0.045720
-0.047656
-0.049593
-0.051529
-0.053466
-0.055402
-0.057338
-0.059273
-0.061207
-0.063140
-0.065072
-0.067001
-0.068929
-0.070855
-0.072779
-0.074700
-0.076618
-0.078533
-0.080445
-0.082354
-0.084258
-0.086159
-0.088055
-0.089947
-0.091834
-0.093717
-0.095594
-0.097465
-0.099332
-0.101192
-0.103046
-0.104894
-0.106735
-0.108569
-0.110397
-0.112217
-0.114029
-0.115834
-0.117631
-0.119419
-0.121199
-0.122971
-0.124733
-0.126486
-0.128230
-0.129965
-0.131689
-0.133403
-0.135107
-0.136801
-0.138484
-0.140155
-0.141816
-0.143465
-0.145102
-0.146728
-0.148341
-0.149942
-0.151530
-0.153105
-0.154668
-0.156217
-0.157753
-0.159275
-0.160783
-0.162277
-0.163756
-0.165221
-0.166671
-0.168106
-0.169526
-0.170930
-0.172319
-0.173692
-0.175049
-0.176389
-0.177713
-0.179021
-0.180311
-0.181584
-0.182840
-0.184078
-0.185299
-0.186501
-0.187686
-0.188852
-0.190000
-0.191129
-0.192239
-0.193329
-0.194401
-0.195453
-0.196485
-0.197497
-0.198490
-0.199462
-0.200413
-0.201344
-0.202255
-0.203144
-0.204012
-0.204858
-0.205683
-0.206487
-0.207268
-0.208028
-0.208765
-0.209480
-0.210172
-0.210842
-0.211489
-0.212113
-0.212713
-0.213290
-0.213844
-0.214374
-0.214880
-0.215362
-0.215821
-0.216254
-0.216664
-0.217049
-0.217409
-0.217744
-0.218055
-0.218340
-0.218600
-0.218835
-0.219044
-0.219227
-0.219385
-0.219517
-0.219623
-0.219703
-0.219756
-0.219783
-0.219784
-0.219758
-0.219705
-0.219626
-0.219519
-0.219386
-0.219225
-0.219038
-0.218822
-0.218580
-0.218310
-0.218012
-0.217687
-0.217334
-0.216953
-0.216544
-0.216107
-0.215641
-0.215148
-0.214626
-0.214076
-0.213498
-0.212891
-0.212256
-0.211592
-0.210899
-0.210178
-0.209427
-0.208648
-0.207840
-0.207004
-0.206138
-0.205243
-0.204319
-0.203366
-0.202383
-0.201372
-0.200331
-0.199261
-0.198162
-0.197033
-0.195875
-0.194688
-0.193471
-0.192225
-0.190949
-0.189645
-0.188310
-0.186946
-0.185553
-0.184130
-0.182678
-0.181196
-0.179685
-0.178144
-0.176574
-0.174974
-0.173346
-0.171687
-0.169999
-0.168282
-0.166536
-0.164760
-0.162955
-0.161120
-0.159257
-0.157364
-0.155442
-0.153491
-0.151511
-0.149501
-0.147463
-0.145396
-0.143300
-0.141175
-0.139021
-0.136839
-0.134628
-0.132388
-0.130120
-0.127823
-0.125498
-0.123144
-0.120763
-0.118353
-0.115915
-0.113449
-0.110955
-0.108433
-0.105883
-0.103306
-0.100701
-0.098069
-0.095409
-0.092722
-0.090008
-0.087266
-0.084498
-0.081703
-0.078881
-0.076032
-0.073157
-0.070255
-0.067328
-0.064374
-0.061394
-0.058388
-0.055356
-0.052298
-0.049215
-0.046107
-0.042973
-0.039814
-0.036631
-0.033422
-0.030189
-0.026931
-0.023649
-0.020342
-0.017011
-0.013657
-0.010279
-0.006877
-0.003451
-0.000003
0.003469
0.006964
0.010481
0.014022
0.017584
0.021169
0.024776
0.028405
0.032056
0.035728
0.039421
0.043136
0.046872
0.050628
0.054405
0.058203
0.062021
0.065858
0.069716
0.073593
0.077490
0.081406
0.085340
0.089294
0.093266
0.097257
0.101265
0.105292
0.109337
0.113398
0.117478
0.121574
0.125687
0.129817
0.133963
0.138125
0.142304
0.146497
0.150707
0.154932
0.159171
0.163426
0.167695
0.171978
0.176276
0.180587
0.184912
0.189250
0.193601
0.197965
0.202342
0.206731
0.211132
0.215545
0.219969
0.224405
0.228852
0.233310
0.237778
0.242257
0.246746
0.251244
0.255752
0.260269
0.264796
0.269331
0.273874
0.278426
0.282986
0.287553
0.292128
0.296710
0.301299
0.305894
0.310496
0.315104
0.319717
0.324336
0.328961
0.333590
0.338224
0.342862
0.347505
0.352151
0.356801
0.361454
0.366110
0.370769
0.375430
0.380094
0.384759
0.389426
0.394095
0.398764
0.403434
0.408105
0.412776
0.417446
0.422117
0.426786
0.431455
0.436122
0.440788
0.445452
0.450114
0.454774
0.459431
0.464085
0.468736
0.473383
0.478026
0.482666
0.487301
0.491931
0.496556
0.501176
0.505791
0.510399
0.515002
0.519598
0.524188
0.528770
0.533346
0.537913
0.542473
0.547025
0.551569
0.556103
0.560629
0.565146
0.569653
0.574150
0.578637
0.583114
0.587580
0.592036
0.596480
0.600912
0.605333
0.609741
0.614138
0.618522
0.622892
0.627250
0.631595
0.635925
0.640242
0.644544
0.648832
0.653105
0.657363
0.661605
0.665832
0.670043
0.674238
0.678417
0.682579
0.686724
0.690851
0.694961
0.699054
0.703128
0.707185
0.711222
0.715241
0.719241
0.723222
0.727183
0.731124
0.735045
0.738946
0.742827
0.746686
0.750525
0.754342
0.758138
0.761911
0.765663
0.769393
0.773100
0.776784
0.780446
0.784084
0.787699
0.791290
0.794857
0.798400
0.801918
0.805412
0.808882
0.812326
0.815744
0.819138
0.822505
0.825847
0.829163
0.832452
0.835714
0.838950
0.842159
0.845341
0.848495
0.851621
0.854720
0.857791
0.860833
0.863848
0.866833
0.869790
0.872717
0.875616
0.878485
0.881325
0.884135
0.886914
0.889664
0.892384
0.895073
0.897731
0.900359
0.902955
0.905521
0.908055
0.910558
0.913029
0.915468
0.917875
0.920250
0.922593
0.924903
0.927181
0.929426
0.931638
0.933817
0.935963
0.938076
0.940155
0.942201
0.944213
0.946191
0.948135
0.950045
0.951921
0.953762
0.955569
0.957341
0.959079
0.960782
0.962450
0.964083
0.965680
0.967243
0.968770
0.970261
0.971718
0.973138
0.974523
0.975872
0.977185
0.978462
0.979703
0.980907
0.982076
0.983208
0.984304
0.985363
0.986386
0.987372
0.988321
0.989234
0.990110
0.990949
0.991751
0.992516
0.993245
0.993936
0.994590
0.995207
0.995786
0.996329
0.996834
0.997302
0.997733
0.998126
0.998482
0.998800
0.999081
0.999325
0.999531
0.999700
0.999831
0.999925
0.999981
1.000000
0.999981
0.999925
0.999831
0.999700
0.999531
0.999325
0.999081
0.998800
0.998482
0.998126
0.997733
0.997302
0.996834
0.996329
0.995786
0.995207
0.994590
0.993936
0.993245
0.992516
0.991751
0.990949
0.990110
0.989234
0.988321
0.987372
0.986386
0.985363
0.984304
0.983208
0.982076
0.980907
0.979703
0.978462
0.977185
0.975872
0.974523
0.973138
0.971718
0.970261
0.968770
0.967243
0.965680
0.964083
0.962450
0.960782
0.959079
0.957341
0.955569
0.953762
0.951921
0.950045
0.948135
0.946191
0.944213
0.942201
0.940155
0.938076
0.935963
0.933817
0.931638
0.929426
0.927181
0.924903
0.922593
0.920250
0.917875
0.915468
0.913029
0.910558
0.908055
0.905521
0.902955
0.900359
0.897731
0.895073
0.892384
0.889664
0.886914
0.884135
0.881325
0.878485
0.875616
0.872717
0.869790
0.866833
0.863848
0.860833
0.857791
0.854720
0.851621
0.848495
0.845341
0.842159
0.838950
0.835714
0.832452
0.829163
0.825847
0.822505
0.819138
0.815744
0.812326
0.808882
0.805412
0.801918
0.798400
0.794857
0.791290
0.787699
0.784084
0.780446
0.776784
0.773100
0.769393
0.765663
0.761911
0.758138
0.754342
0.750525
0.746686
0.742827
0.738946
0.735045
0.731124
0.727183
0.723222
0.719241
0.715241
0.711222
0.707185
0.703128
0.699054
0.694961
0.690851
0.686724
0.682579
0.678417
0.674238
0.670043
0.665832
0.661605
0.657363
0.653105
0.648832
0.644544
0.640242
0.635925
0.631595
0.627250
0.622892
0.618522
0.614138
0.609741
0.605333
0.600912
0.596480
0.592036
0.587580
0.583114
0.578637
0.574150
0.569653
0.565146
0.560629
0.556103
0.551569
0.547025
0.542473
0.537913
0.533346
0.528770
0.524188
0.519598
0.515002
0.510399
0.505791
0.501176
0.496556
0.491931
0.487301
0.482666
0.478026
0.473383
0.468736
0.464085
0.459431
0.454774
0.450114
0.445452
0.440788
0.436122
0.431455
0.426786
0.422117
0.417446
0.412776
0.408105
0.403434
0.398764
0.394095
0.389426
0.384759
0.380094
0.375430
0.370769
0.366110
0.361454
0.356801
0.352151
0.347505
0.342862
0.338224
0.333590
0.328961
0.324336
0.319717
0.315104
0.310496
0.305894
0.301299
0.296710
0.292128
0.287553
0.282986
0.278426
0.273874
0.269331
0.264796
0.260269
0.255752
0.251244
0.246746
0.242257
0.237778
0.233310
0.228852
0.224405
0.219969
0.215545
0.211132
0.206731
0.202342
0.197965
0.193601
0.189250
0.184912
0.180587
0.176276
0.171978
0.167695
0.163426
0.159171
0.154932
0.150707
0.146497
0.142304
0.138125
0.133963
0.129817
0.125687
0.121574
0.117478
0.113398
0.109337
0.105292
0.101265
0.097257
0.093266
0.089294
0.085340
0.081406
0.077490
0.073593
0.069716
0.065858
0.062021
0.058203
0.054405
0.050628
0.046872
0.043136
0.039421
0.035728
0.032056
0.028405
0.024776
0.021169
0.017584
0.014022
0.010481
0.006964
0.003469
-0.000003
-0.003451
-0.006877
-0.010279
-0.013657
-0.017011
-0.020342
-0.023649
-0.026931
-0.030189
-0.033422
-0.036631
-0.039814
-0.042973
-0.046107
-0.049215
-0.052298
-0.055356
-0.058388
-0.061394
-0.064374
-0.067328
-0.070255
-0.073157
-0.076032
-0.078881
-0.081703
-0.084498
-0.087266
-0.090008
-0.092722
-0.095409
-0.098069
-0.100701
-0.103306
-0.105883
-0.108433
-0.110955
-0.113449
-0.115915
-0.118353
-0.120763
-0.123144
-0.125498
-0.127823
-0.130120
-0.132388
-0.134628
-0.136839
-0.139021
-0.141175
-0.143300
-0.145396
-0.147463
-0.149501
-0.151511
-0.153491
-0.155442
-0.157364
-0.159257
-0.161120
-0.162955
-0.164760
-0.166536
-0.168282
-0.169999
-0.171687
-0.173346
-0.174974
-0.176574
-0.178144
-0.179685
-0.181196
-0.182678
-0.184130
-0.185553
-0.186946
-0.188310
-0.189645
-0.190949
-0.192225
-0.193471
-0.194688
-0.195875
-0.197033
-0.198162
-0.199261
-0.200331
-0.201372
-0.202383
-0.203366
-0.204319
-0.205243
-0.206138
-0.207004
-0.207840
-0.208648
-0.209427
-0.210178
-0.210899
-0.211592
-0.212256
-0.212891
-0.213498
-0.214076
-0.214626
-0.215148
-0.215641
-0.216107
-0.216544
-0.216953
-0.217334
-0.217687
-0.218012
-0.218310
-0.218580
-0.218822
-0.219038
-0.219225
-0.219386
-0.219519
-0.219626
-0.219705
-0.219758
-0.219784
-0.219783
-0.219756
-0.219703
-0.219623
-0.219517
-0.219385
-0.219227
-0.219044
-0.218835
-0.218600
-0.218340
-0.218055
-0.217744
-0.217409
-0.217049
-0.216664
-0.216254
-0.215821
-0.215362
-0.214880
-0.214374
-0.213844
-0.213290
-0.212713
-0.212113
-0.211489
-0.210842
-0.210172
-0.209480
-0.208765
-0.208028
-0.207268
-0.206487
-0.205683
-0.204858
-0.204012
-0.203144
-0.202255
-0.201344
-0.200413
-0.199462
-0.198490
-0.197497
-0.196485
-0.195453
-0.194401
-0.193329
-0.192239
-0.191129
-0.190000
-0.188852
-0.187686
-0.186501
-0.185299
-0.184078
-0.182840
-0.181584
-0.180311
-0.179021
-0.177713
-0.176389
-0.175049
-0.173692
-0.172319
-0.170930
-0.169526
-0.168106
-0.166671
-0.165221
-0.163756
-0.162277
-0.160783
-0.159275
-0.157753
-0.156217
-0.154668
-0.153105
-0.151530
-0.149942
-0.148341
-0.146728
-0.145102
-0.143465
-0.141816
-0.140155
-0.138484
-0.136801
-0.135107
-0.133403
-0.131689
-0.129965
-0.128230
-0.126486
-0.124733
-0.122971
-0.121199
-0.119419
-0.117631
-0.115834
-0.114029
-0.112217
-0.110397
-0.108569
-0.106735
-0.104894
-0.103046
-0.101192
-0.099332
-0.097465
-0.095594
-0.093717
-0.091834
-0.089947
-0.088055
-0.086159
-0.084258
-0.082354
-0.080445
-0.078533
-0.076618
-0.074700
-0.072779
-0.070855
-0.068929
-0.067001
-0.065072
-0.063140
-0.061207
-0.059273
-0.057338
-0.055402
-0.053466
-0.051529
-0.049593
-0.047656
-0.045720
-0.043785
-0.041851
-0.039917
-0.037986
-0.036055
-0.034127
-0.032200
-0.030276
-0.028354
-0.026435
-0.024519
-0.022606
-0.020697
-0.018791
-0.016888
-0.014990
-0.013096
-0.011207
-0.009322
-0.007442
-0.005567
-0.003698
-0.001834
0.000025
0.001877
0.003723
0.005563
0.007396
0.009223
0.011042
0.012855
0.014660
0.016457
0.018247
0.020029
0.021802
0.023567
0.025324
0.027072
0.028811
0.030540
0.032261
0.033972
0.035673
0.037364
0.039045
0.040717
0.042377
0.044027
0.045666
0.047295
0.048912
0.050518
0.052112
0.053695
0.055266
0.056825
0.058372
0.059906
0.061429
0.062938
0.064435
0.065919
0.067389
0.068847
0.070291
0.071721
0.073138
0.074541
0.075931
0.077306
0.078666
0.080013
0.081345
0.082662
0.083964
0.085252
0.086524
0.087781
0.089023
0.090250
0.091461
0.092656
0.093836
0.095000
0.096148
0.097279
0.098395
0.099494
0.100577
0.101643
0.102693
0.103725
0.104742
0.105741
0.106723
0.107688
0.108636
0.109567
0.110480
0.111376
0.112255
0.113116
0.113959
0.114784
0.115592
0.116382
0.117154
0.117908
0.118644
0.119362
0.120062
0.120744
0.121407
0.122052
0.122679
0.123287
0.123877
0.124449
0.125002
0.125536
0.126052
0.126549
0.127028
0.127488
0.127929
0.128352
0.128756
0.129141
0.129507
0.129855
0.130184
0.130494
0.130785
0.131058
0.131312
0.131547
0.131763
0.131961
0.132139
0.132299
0.132441
0.132563
0.132667
0.132752
0.132819
0.132867
0.132896
0.132907
0.132899
0.132873
0.132828
0.132765
0.132684
0.132584
0.132466
0.132329
0.132175
0.132002
0.131811
0.131602
0.131376
0.131131
0.130868
0.130588
0.130290
0.129974
0.129641
0.129291
0.128922
0.128537
0.128134
0.127714
0.127277
0.126824
0.126353
0.125865
0.125361
0.124840
0.124302
0.123748
0.123178
0.122592
0.121989
0.121370
0.120736
0.120086
0.119420
0.118738
0.118042
0.117329
0.116602
0.115859
0.115102
0.114330
0.113543
0.112742
0.111926
0.111096
0.110251
0.109393
0.108521
0.107635
0.106736
0.105823
0.104896
0.103957
0.103005
0.102040
0.101062
0.100071
0.099069
0.098054
0.097027
0.095988
0.094937
0.093875
0.092801
0.091716
0.090620
0.089514
0.088396
0.087268
0.086129
0.084981
0.083822
0.082653
0.081475
0.080287
0.079090
0.077884
0.076669
0.075445
0.074213
0.072972
0.071723
0.070466
0.069201
0.067928
0.066648
0.065361
0.064067
0.062766
0.061458
0.060144
0.058824
0.057497
0.056165
0.054827
0.053483
0.052134
0.050780
0.049422
0.048058
0.046690
0.045318
0.043942
0.042562
0.041179
0.039792
0.038401
0.037008
0.035612
0.034213
0.032812
0.031409
0.030004
0.028597
0.027188
0.025778
0.024367
0.022955
0.021542
0.020129
0.018715
0.017302
0.015888
0.014475
0.013062
0.011651
0.010240
0.008830
0.007421
0.006015
0.004609
0.003206
0.001806
0.000407
-0.000989
-0.002382
-0.003772
-0.005158
-0.006542
-0.007921
-0.009297
-0.010669
-0.012036
-0.013399
-0.014758
-0.016111
-0.017459
-0.018803
-0.020140
-0.021472
-0.022798
-0.024118
-0.025432
-0.026740
-0.028040
-0.029334
-0.030621
-0.031901
-0.033173
-0.034437
-0.035694
-0.036943
-0.038184
-0.039416
-0.040640
-0.041855
-0.043061
-0.044258
-0.045446
-0.046625
-0.047794
-0.048953
-0.050102
-0.051241
-0.052369
-0.053488
-0.054595
-0.055692
-0.056778
-0.057853
-0.058916
-0.059968
-0.061009
-0.062037
-0.063054
-0.064059
-0.065052
-0.066032
-0.066999
-0.067955
-0.068897
-0.069826
-0.070742
-0.071645
-0.072535
-0.073411
-0.074274
-0.075123
-0.075958
-0.076779
-0.077586
-0.078379
-0.079157
-0.079921
-0.080670
-0.081405
-0.082125
-0.082830
-0.083520
-0.084195
-0.084854
-0.085498
-0.086127
-0.086741
-0.087338
-0.087921
-0.088487
-0.089037
-0.089572
-0.090090
-0.090593
-0.091079
-0.091549
-0.092003
-0.092440
-0.092861
-0.093265
-0.093653
-0.094024
-0.094379
-0.094717
-0.095038
-0.095342
-0.095629
-0.095900
-0.096153
-0.096390
-0.096609
-0.096812
-0.096997
-0.097165
-0.097317
-0.097451
-0.097568
-0.097668
-0.097750
-0.097816
-0.097864
-0.097895
-0.097909
-0.097906
-0.097885
-0.097848
-0.097793
-0.097721
-0.097632
-0.097526
-0.097403
-0.097263
-0.097105
-0.096931
-0.096740
-0.096532
-0.096307
-0.096065
-0.095806
-0.095531
-0.095239
-0.094930
-0.094605
-0.094264
-0.093905
-0.093531
-0.093140
-0.092733
-0.092310
-0.091870
-0.091415
-0.090943
-0.090456
-0.089953
-0.089435
-0.088901
-0.088351
-0.087786
-0.087206
-0.086610
-0.086000
-0.085374
-0.084734
-0.084079
-0.083410
-0.082725
-0.082027
-0.081314
-0.080588
-0.079847
-0.079092
-0.078324
-0.077542
-0.076747
-0.075939
-0.075117
-0.074282
-0.073435
-0.072575
-0.071702
-0.070817
-0.069920
-0.069011
-0.068090
-0.067158
-0.066213
-0.065258
-0.064291
-0.063313
-0.062325
-0.061326
-0.060316
-0.059296
-0.058266
-0.057227
-0.056177
-0.055118
-0.054050
-0.052973
-0.051886
-0.050791
-0.049688
-0.048576
-0.047457
-0.046329
-0.045194
-0.044051
-0.042901
-0.041744
-0.040581
-0.039410
-0.038234
-0.037051
-0.035862
-0.034668
-0.033469
-0.032264
-0.031054
-0.029839
-0.028620
-0.027397
-0.026169
-0.024938
-0.023704
-0.022465
-0.021224
-0.019980
-0.018734
-0.017485
-0.016234
-0.014981
-0.013726
-0.012470
-0.011213
-0.009955
-0.008697
-0.007438
-0.006179
-0.004920
-0.003662
-0.002404
-0.001147
0.000109
0.001364
0.002617
0.003868
0.005116
0.006363
0.007607
0.008847
0.010085
0.011320
0.012550
0.013777
0.015000
0.016218
0.017431
0.018640
0.019843
0.021041
0.022233
0.023420
0.024600
0.025774
0.026941
0.028101
0.029254
0.030400
0.031538
0.032668
0.033790
0.034903
0.036008
0.037105
0.038192
0.039269
0.040337
0.041396
0.042444
0.043482
0.044510
0.045526
0.046532
0.047527
0.048510
0.049482
0.050442
0.051390
0.052326
0.053249
0.054159
0.055057
0.055941
0.056812
0.057670
0.058514
0.059344
0.060160
0.060962
0.061749
0.062522
0.063279
0.064022
0.064750
0.065462
0.066158
0.066839
0.067504
0.068153
0.068785
0.069402
0.070001
0.070584
0.071151
0.071700
0.072232
0.072747
0.073244
0.073724
0.074186
0.074631
0.075057
0.075466
0.075856
0.076228
0.076582
0.076918
0.077234
0.077532
0.077812
0.078072
0.078314
0.078537
0.078740
0.078925
0.079090
0.079236
0.079362
0.079469
0.079557
0.079625
0.079674
0.079703
0.079713
0.079703
0.079673
0.079624
0.079555
0.079466
0.079358
0.079230
0.079082
0.078915
0.078728
0.078521
0.078294
0.078048
0.077783
0.077498
0.077193
0.076869
0.076525
0.076163
0.075781
0.075379
0.074959
0.074519
0.074061
0.073584
0.073087
0.072573
0.072039
0.071487
0.070917
0.070328
0.069721
0.069097
0.068454
0.067793
0.067115
0.066420
0.065707
0.064977
0.064230
0.063466
0.062685
0.061888
0.061075
0.060245
0.059400
0.058539
0.057662
0.056770
0.055863
0.054940
0.054004
0.053052
0.052087
0.051107
0.050114
0.049107
0.048087
0.047054
0.046008
0.044950
0.043879
0.042797
0.041703
0.040597
0.039480
0.038353
0.037214
0.036066
0.034908
0.033740
0.032562
0.031376
0.030181
0.028977
0.027766
0.026547
0.025320
0.024086
0.022846
0.021599
0.020346
0.019088
0.017824
0.016555
0.015282
0.014004
0.012723
0.011437
0.010149
0.008858
0.007565
0.006270
0.004973
0.003674
0.002375
0.001076
-0.000224
-0.001523
-0.002822
-0.004120
-0.005416
-0.006710
-0.008001
-0.009290
-0.010576
-0.011859
-0.013137
-0.014411
-0.015681
-0.016945
-0.018203
-0.019456
-0.020702
-0.021941
-0.023173
-0.024398
-0.025614
-0.026822
-0.028021
-0.029211
-0.030391
-0.031561
-0.032720
-0.033868
-0.035005
-0.036130
-0.037243
-0.038344
-0.039431
-0.040505
-0.041565
-0.042611
-0.043643
-0.044659
-0.045660
-0.046646
-0.047615
-0.048567
-0.049503
-0.050421
-0.051322
-0.052205
-0.053069
-0.053915
-0.054741
-0.055548
-0.056335
-0.057102
-0.057848
-0.058574
-0.059278
-0.059961
-0.060622
-0.061260
-0.061877
-0.062470
-0.063041
-0.063588
-0.064111
-0.064610
-0.065086
-0.065536
-0.065962
-0.066363
-0.066739
-0.067089
-0.067414
-0.067713
-0.067985
-0.068231
-0.068451
-0.068643
-0.068809
-0.068948
-0.069059
-0.069143
-0.069200
-0.069229
-0.069230
-0.069202
-0.069147
-0.069064
-0.068952
-0.068812
-0.068644
-0.068447
-0.068222
-0.067968
-0.067686
-0.067375
-0.067035
-0.066667
-0.066270
-0.065845
-0.065392
-0.064909
-0.064399
-0.063860
-0.063293
-0.062698
-0.062076
-0.061425
-0.060747
-0.060041
-0.059308
-0.058547
-0.057760
-0.056946
-0.056105
-0.055239
-0.054346
-0.053427
-0.052483
-0.051514
-0.050520
-0.049501
-0.048459
-0.047392
-0.046302
-0.045188
-0.044053
-0.042894
-0.041714
-0.040513
-0.039290
-0.038047
-0.036784
-0.035501
-0.034200
-0.032880
-0.031542
-0.030186
-0.028814
-0.027425
-0.026021
-0.024602
-0.023169
-0.021721
-0.020261
-0.018788
-0.017303
-0.015808
-0.014302
-0.012787
-0.011262
-0.009730
-0.008190
-0.006644
-0.005092
-0.003535
-0.001974
-0.000409
0.001158
0.002726
0.004295
0.005864
0.007432
0.008998
0.010561
0.012121
0.013675
0.015224
0.016766
0.018301
0.019827
0.021344
0.022850
0.024344
0.025826
0.027295
0.028749
0.030187
0.031609
0.033013
0.034398
0.035763
0.037108
0.038431
0.039731
0.041007
0.042258
0.043484
0.044682
0.045851
0.046992
0.048102
0.049181
0.050228
0.051241
0.052220
0.053164
0.054071
0.054940
0.055771
0.056563
0.057314
0.058023
0.058691
0.059315
0.059894
0.060429
0.060917
0.061358
0.061752
0.062097
0.062392
0.062637
0.062831
0.062973
0.063063
0.063099
0.063081
0.063009
0.062882
0.062699
0.062460
0.062164
0.061811
0.061400
0.060931
0.060404
0.059818
0.059174
0.058470
0.057707
0.056885
0.056003
0.055062
0.054062
0.053002
0.051884
0.050707
0.049471
0.048177
0.046826
0.045418
0.043954
0.042434
0.040859
0.039229
0.037547
0.035812
0.034027
0.032192
0.030308
0.028377
0.026400
0.024379
0.022316
0.020212
0.018070
0.015891
0.013678
0.011433
0.009157
0.006855
0.004528
0.002180
-0.000188
-0.002571
-0.004966
-0.007371
-0.009781
-0.012193
-0.014603
-0.017008
-0.019402
-0.021782
-0.024142
-0.026479
-0.028788
-0.031063
-0.033299
-0.035490
-0.037632
-0.039718
-0.041741
-0.043696
-0.045577
-0.047376
-0.049086
-0.050701
-0.052212
-0.053613
-0.054894
-0.056049
-0.057068
-0.057943
-0.058664
-0.059223
-0.059610
-0.059815
-0.059827
-0.059637
-0.059234
-0.058606
-0.057742
-0.056630
-0.055259
-0.053616
-0.051688
-0.049462
-0.046924
-0.044061
-0.040859
-0.037302
-0.033376
-0.029066
-0.024356
-0.019229
-0.013669
-0.007659
-0.001181
0.005783
0.013250
0.021240
0.029773
0.038867
0.048544
0.058824
