# 100
-1.000000 1.000000
1.500000
1.509200
1.516800
1.522800
1.527200
1.530000
1.531200
1.530800
1.528800
1.525200
1.520000
1.513200
1.504800
1.494800
1.483200
1.470000
1.455200
1.438800
1.420800
1.401200
1.380000
1.357200
1.332800
1.306800
1.279200
1.250000
1.219200
1.186800
1.152800
1.117200
1.080000
1.041200
1.000800
0.958800
0.915200
0.870000
0.823200
0.774800
0.724800
0.673200
0.620000
0.565200
0.508800
0.450800
0.391200
0.330000
0.267200
0.202800
0.136800
0.069200
0.000000
-0.070800
-0.143200
-0.217200
-0.292800
-0.370000
-0.448800
-0.529200
-0.611200
-0.694800
-0.780000
-0.866800
-0.955200
-1.045200
-1.136800
-1.230000
-1.324800
-1.421200
-1.519200
-1.618800
-1.720000
-1.822800
-1.927200
-2.033200
-2.140800
-2.250000
-2.360800
-2.473200
-2.587200
-2.702800
-2.820000
-2.938800
-3.059200
-3.181200
-3.304800
-3.430000
-3.556800
-3.685200
-3.815200
-3.946800
-4.080000
-4.214800
-4.351200
-4.489200
-4.628800
-4.770000
-4.912800
-5.057200
-5.203200
-5.350800
-5.500000
